used_index
1276
1726
247
774
1904
1210
954
980
1001
1575
1453
811
1941
1821
791
145
1212
1045
1750
882
2126
168
1376
1814
1978
2083
1760
1214
1770
277
1216
1299
26
847
790
1065
1828
1993
278
1647
494
2094
1861
1708
1171
415
785
268
1648
738
2140
1615
963
671
2069
810
495
1968
2170
472
211
946
775
696
875
1034
1955
1696
1563
1808
1642
1117
1211
2005
122
1698
780
1033
596
514
2127
1581
1370
1658
1008
330
523
338
2065
1976
1421
475
1374
1040
11
538
786
1058
1124
193
1534
1128
838
264
1208
1877
1693
1554
1683
1621
1815
661
1567
2131
1979
1729
509
423
1344
1559
789
1643
1789
692
163
1628
1957
1329
505
134
605
1025
82
1632
1061
657
424
1746
902
1147
713
1840
590
462
1414
1209
1106
1885
1093
2095
1389
1021
825
1949
1312
1071
1305
1396
1876
55
614
577
840
1286
411
519
1765
1139
2001
1149
1163
1113
118
908
1342
579
1715
276
559
1937
1910
127
421
377
140
431
258
1562
1767
1734
416
827
438
1294
711
1278
217
2072
741
1252
